% data for learning a quadratic metric
n = 5;
N = 100;
N_test = 10;



X = [1.164954 1.696142 -1.446172 -0.360030 -0.044881 0.513478 0.375041 -0.322940 0.847649 -0.557094 -1.098195 -0.977814 -0.507700 -0.612911 1.133000 0.924159 0.394600 -0.137414 0.039885 -0.786457 -0.127443 -0.620214 -0.262681 0.499521 0.438705 0.292315 -0.759697 0.670292 -0.902031 0.846106 0.526163 0.889164 -1.010674 -1.406949 -0.165923 0.041430 -0.844414 0.336297 1.487524 0.786430 -0.702669 1.802440 -1.931134 -1.238566 1.547177 -2.526706 0.899884 -0.382918 -0.594524 1.879957 0.396727 -0.031243 0.251078 0.862500 0.968992 0.536007 1.524681 1.157783 -1.898778 -1.454749 0.418469 1.766708 -0.159448 -1.179060 -1.226502 0.658153 -0.397914 1.271743 -1.389722 -0.797533 -0.268286 1.939318 1.338814 0.420989 0.139860 -2.014986 -0.267458 0.605540 0.186747 0.434313 0.149996 1.136805 -1.378907 0.086932 -0.066596 0.642066 0.565239 -0.591204 0.393682 0.667201 -0.514013 1.289554 -0.227852 -0.904204 -1.586917 -0.047555 -0.391039 -0.956374 1.042360 -1.024905;
0.626839 0.059060 -0.701165 -0.135576 -0.798945 0.396681 1.125162 0.317988 0.268101 -0.336706 1.122648 -1.021466 0.885299 -0.209144 0.149994 -1.814115 0.639406 0.615770 -2.482843 0.634809 0.554172 0.237149 0.976490 -1.055375 -1.247344 2.565910 -0.674721 0.420146 -2.053257 -0.184538 -0.184454 -1.299152 -0.960498 1.030812 0.300907 -1.098050 -0.311630 -0.221361 -0.836821 -1.461639 0.356429 -0.642984 0.660300 -1.889236 0.644933 -0.312981 -0.200899 0.155083 0.130246 -1.003849 -0.527115 0.778212 -0.310471 -1.034706 -0.747317 0.298451 -0.195261 0.161908 1.822525 0.466546 0.247349 -0.382104 2.704026 -0.277776 0.069600 0.491314 0.864280 -0.035344 0.229328 -0.936741 -1.082140 -0.895840 1.222299 -0.433373 -0.748089 0.491717 -0.570245 -0.624481 1.594939 -0.386207 0.542038 0.391314 -0.260172 1.955674 0.373381 0.923087 -0.610781 1.691546 -0.905427 -0.067794 1.896261 -0.530575 0.376770 0.698670 -0.920783 -0.614736 -1.382045 0.451807 1.209120 -1.056846;
0.075080 1.797072 1.245982 -1.349338 -0.765172 0.756219 0.728642 -0.511172 -0.923489 0.415227 0.581667 0.317688 -0.248094 0.562148 0.703144 0.034973 0.874213 0.977894 1.158655 0.820410 -1.097344 -1.586847 0.977815 -0.450743 0.324667 -0.457816 -1.171687 -2.872751 0.089086 1.030714 0.198783 1.182573 0.691160 -0.759874 -0.322467 1.566724 0.397810 0.016649 -1.300982 1.554466 0.652636 0.109555 -1.102510 -0.973585 -2.148359 -0.593618 -0.233735 -0.964648 0.035014 -0.497446 0.344571 2.180484 -0.923004 -0.192673 -2.796024 0.284043 0.017260 1.557064 -1.518415 0.545437 0.704110 -0.911425 -0.198500 -1.581053 -0.396516 0.800734 -0.177618 -1.501329 0.271190 -0.002433 2.014134 -0.304158 -1.595978 0.706252 -0.628975 -1.554975 -0.187267 0.572228 0.321307 -0.112564 0.254409 1.605148 0.994768 0.161454 0.217314 -1.555108 1.231111 0.953356 -1.274473 -1.735660 -0.253230 -0.692971 1.221556 0.482598 -0.614274 0.240362 1.076292 -1.253778 0.780955 2.887723;
0.351607 0.264069 -0.638977 -1.270450 0.861735 0.400486 -2.377454 -0.002041 -0.070499 1.557814 -0.271354 1.516108 -0.726249 -1.063923 -0.052412 -1.807862 1.752402 -1.115348 -1.026279 -0.176027 -0.731301 -0.401485 1.170021 1.270378 0.390070 -1.610827 2.032930 1.685874 2.087099 -1.527623 1.590427 1.817472 -0.758618 0.874127 -0.368411 -1.048423 1.049786 -1.192361 1.574132 -0.597535 0.215671 -0.719038 -0.102971 0.212116 -1.028845 0.332322 1.449907 0.038756 -0.624674 -1.504397 -0.723291 0.437814 -0.384776 -1.299723 0.696732 0.959664 0.246340 -0.193544 -1.051071 1.320319 0.631939 -0.996090 -0.141405 1.049022 1.388807 -0.767269 1.874381 0.365373 -0.366360 0.396086 1.944031 0.555253 -1.067730 0.227857 1.394831 -0.140609 1.208557 -0.724410 0.866841 -0.964333 -0.307241 0.825892 1.834034 -0.628688 -0.179457 0.663594 0.994300 -1.930055 0.346546 0.806349 -0.174531 -0.859806 1.098288 0.811696 -0.334672 0.125017 1.269466 0.256435 -1.179900 -0.267744;
-0.696513 0.871673 0.577350 0.984570 -0.056225 -1.341381 -0.273782 1.606511 0.147891 -2.444299 0.414191 0.749432 -0.445040 0.351589 2.018496 1.028193 -0.320051 -0.550021 1.153487 0.562474 1.404732 -0.770692 0.159311 0.898694 -0.405138 -2.669524 0.968481 0.027925 0.365118 0.964939 0.032192 -0.584302 -0.096972 0.761127 1.147895 0.422724 -0.340796 -0.131646 1.166040 -1.210568 -0.263896 0.420628 -1.059802 0.493442 -0.141582 0.558851 1.836132 0.765458 -0.539775 -0.095449 1.268193 1.333329 1.158181 0.306596 3.206908 2.087593 -0.854485 1.651301 0.049931 -0.404494 -0.992362 1.195143 0.411268 0.302689 1.364422 0.364420 0.172400 -0.198660 1.376960 -0.508693 -1.521529 -0.324247 -0.759919 -1.016992 -1.647691 0.244944 -0.638855 1.192196 1.291844 -2.057251 -0.417112 1.470390 -1.715910 -1.438824 0.025673 -0.609500 -0.803475 0.512845 -1.195235 -0.914801 0.978788 0.529038 -0.853014 0.327883 0.080345 -0.223605 0.487268 0.421229 1.001450 -0.488540];

